<stdin>:80: RuntimeWarning: divide by zero encountered in log
<stdin>:79: RuntimeWarning: divide by zero encountered in log
    y  x ymin   e ymax
1  33  0 29.4 3.6 36.6
2  68  3 64.1 3.9 71.9
3  34  9 31.4 2.6 36.6
4  34 14 30.6 3.4 37.4
5  37 15 33.2 3.8 40.8
6  71 19 67.2 3.8 74.8
7  37 20 34.8 2.2 39.2
8  44 21 41.9 2.1 46.1
9  48 30 45.7 2.3 50.3
10 49 35 45.2 3.8 52.8
11 53 40 50.8 2.2 55.2
12 49 41 46.2 2.8 51.8
13 50 42 46.1 3.9 53.9
14 48 43 44.9 3.1 51.1
15 56 54 52.6 3.4 59.4
16 60 56 57.4 2.6 62.6
17 61 67 57.6 3.4 64.4
18 63 69 59.3 3.7 66.7
19 44 72 42.0 2.0 46.0
20 71 88 67.5 3.5 74.5

[0.66190755141357749, 0.45902367399879551, 0.60675359203190893, 0.58561344574744967, 0.60985649355755622, 0.44241853170869427, 0.62287153849087562, 0.59643356096039313, 0.6370714919720275, 0.58362825889976411, 0.57810805385784214, 0.62035341036759339, 0.67863621245532246, 0.67161673183430215, 0.63050877378104286, 0.68637941899405608, 0.55395367443675747, 0.62332242062357301, 0.36435093841491495, 0.56560439256727613]
       yest   e ymax  y  x ymin typical
1  30.92097 3.6 36.6 33  0 29.4    TRUE
2  32.39362 3.9 71.9 68  3 64.1   FALSE
3  35.33891 2.6 36.6 34  9 31.4    TRUE
4  37.79332 3.4 37.4 34 14 30.6    TRUE
5  38.28420 3.8 40.8 37 15 33.2    TRUE
6  40.24772 3.8 74.8 71 19 67.2   FALSE
7  40.73861 2.2 39.2 37 20 34.8    TRUE
8  41.22949 2.1 46.1 44 21 41.9    TRUE
9  45.64742 2.3 50.3 48 30 45.7    TRUE
10 48.10183 3.8 52.8 49 35 45.2    TRUE
11 50.55624 2.2 55.2 53 40 50.8    TRUE
12 51.04712 2.8 51.8 49 41 46.2    TRUE
13 51.53800 3.9 53.9 50 42 46.1    TRUE
14 52.02888 3.1 51.1 48 43 44.9    TRUE
15 57.42858 3.4 59.4 56 54 52.6    TRUE
16 58.41034 2.6 62.6 60 56 57.4    TRUE
17 63.81004 3.4 64.4 61 67 57.6    TRUE
18 64.79180 3.7 66.7 63 69 59.3    TRUE
19 66.26445 2.0 46.0 44 72 42.0   FALSE
20 74.11855 3.5 74.5 71 88 67.5    TRUE

